500
123234 123234 123234 123234 123234 123234 123234 123234 123234 123234 123234 123234 123234 123234 123234 123234 123234 123234 123234 123234 123234 123234 123234 123234 123234 123234 123234 123234 123234 123234 123234 123234 123234 123234 123234 123234 123234 123234 123234 123234 123234 123234 123234 123234 123234 123234 123234 123234 123234 123234 123234 123234 123234 123234 123234 123234 123234 123234 123234 123234 123234 123234 123234 123234 123234 123234 123234 123234 123234 123234 123234 123234 123234 123234 123234 123234 123234 123234 123234 123234 123234 123234 123234 123234 123234 123234 123234 123234 123234 123234 123234 123234 123234 123234 123234 123234 123234 123234 123234 123234 123234 123234 123234 123234 123234 123234 123234 123234 123234 123234 123234 123234 123234 123234 123234 123234 123234 123234 123234 123234 123234 123234 123234 123234 123234 123234 123234 123234 123234 123234 123234 123234 123234 123234 123234 123234 123234 123234 123234 123234 123234 123234 123234 123234 123234 123234 123234 123234 123234 123234 123234 123234 123234 123234 123234 123234 123234 123234 123234 123234 123234 123234 123234 123234 123234 123234 123234 123234 123234 123234 123234 123234 123234 123234 123234 123234 123234 123234 123234 123234 123234 123234 123234 123234 123234 123234 123234 123234 123234 123234 123234 123234 123234 123234 123234 123234 123234 123234 123234 123234 123234 123234 123234 123234 123234 123234 123234 123234 123234 123234 123234 123234 123234 123234 123234 123234 123234 123234 123234 123234 123234 123234 123234 123234 123234 123234 123234 123234 123234 123234 123234 123234 123234 123234 123234 123234 123234 123234 123234 123234 123234 123234 123234 123234 123234 123234 123234 123234 123234 123234 123234 123234 123234 123234 123234 123234 123234 123234 123234 123234 123234 123234 123234 123234 123234 123234 123234 123234 123234 123234 123234 123234 123234 123234 123234 123234 123234 123234 123234 123234 123234 123234 123234 123234 123234 123234 123234 123234 123234 123234 123234 123234 123234 123234 123234 123234 123234 123234 123234 123234 123234 123234 123234 123234 123234 123234 123234 123234 123234 123234 123234 123234 123234 123234 123234 123234 123234 123234 123234 123234 123234 123234 123234 123234 123234 123234 123234 123234 123234 123234 123234 123234 123234 123234 123234 123234 123234 123234 123234 123234 123234 123234 123234 123234 123234 123234 123234 123234 123234 123234 123234 123234 123234 123234 123234 123234 123234 123234 123234 123234 123234 123234 123234 123234 123234 123234 123234 123234 123234 123234 123234 123234 123234 123234 123234 123234 123234 123234 123234 123234 123234 123234 123234 123234 123234 123234 123234 123234 123234 123234 123234 123234 123234 123234 123234 123234 123234 123234 123234 123234 123234 123234 123234 123234 123234 123234 123234 123234 123234 123234 123234 123234 123234 123234 123234 123234 123234 123234 123234 123234 123234 123234 123234 123234 123234 123234 123234 123234 123234 123234 123234 123234 123234 123234 123234 123234 123234 123234 123234 123234 123234 123234 123234 123234 123234 123234 123234 123234 123234 123234 123234 123234 123234 123234 123234 123234 123234 123234 123234 123234 123234 123234 123234 123234 123234 123234 123234 123234 123234 123234 123234 123234 123234 123234 123234 123234 123234 123234 123234 123234 123234 123234 123234 123234 123234 123234 123234 123234 123234 123234 123234 123234 123234 123234 123234 123234 123234 123234 123234 123234
441 459
70 360
205 22
254 194
437 232
212 399
390 250
471 393
457 200
145 425
330 299
476 495
282 112
216 17
38 395
155 295
465 413
307 345
209 206
352 267
98 177
316 415
91 103
297 46
437 244
297 95
24 193
402 321
268 410
61 68
265 382
138 196
411 27
298 491
498 94
290 399
45 499
101 403
209 33
276 13
206 355
394 278
180 224
115 242
409 81
349 373
195 189
16 120
218 239
221 372
353 381
105 151
315 134
496 284
92 173
149 190
131 196
225 476
449 285
29 363
227 15
401 392
58 261
230 111
247 101
192 370
465 463
455 454
167 231
141 414
168 340
132 311
60 32
291 345
424 223
362 323
266 100
231 255
466 255
179 306
283 184
10 166
164 410
208 25
210 324
497 13
318 271
136 259
130 140
314 261
16 376
492 98
283 257
427 423
218 23
226 474
436 178
430 274
145 0
421 459
405 342
74 21
70 138
428 414
435 420
359 224
104 493
36 129
191 348
142 244
121 474
215 392
207 175
217 143
160 448
237 478
42 292
95 373
120 252
64 117
310 406
460 172
216 67
55 483
327 426
497 5
77 87
280 486
225 117
77 394
467 157
313 177
136 97
385 46
102 329
428 89
350 215
84 69
235 491
185 386
171 308
475 368
444 354
393 112
222 197
401 162
130 301
8 257
286 267
167 462
379 473
322 93
147 135
187 488
76 53
60 241
161 88
259 271
29 390
44 309
243 356
103 159
350 173
221 158
481 202
325 340
480 276
286 307
71 264
248 359
304 477
7 361
149 352
116 442
114 279
388 319
449 73
52 481
119 478
10 75
327 176
434 174
12 374
233 143
106 489
211 62
300 452
282 347
398 453
318 458
182 423
269 253
121 80
212 341
210 302
419 152
490 328
85 99
189 274
4 386
356 53
43 226
36 407
369 87
289 365
412 223
445 100
25 163
238 336
109 197
122 379
86 451
84 124
418 355
243 213
333 308
400 368
397 190
157 342
448 351
416 336
458 17
155 468
134 6
116 39
165 311
187 58
288 487
205 320
200 334
128 473
65 159
300 81
42 408
133 277
453 9
343 415
169 488
1 344
132 48
184 236
433 310
357 284
204 397
275 389
383 203
439 316
245 270
181 166
3 94
39 21
312 154
232 139
7 51
304 499
347 408
429 334
254 31
248 382
40 229
15 229
364 496
484 181
245 41
498 26
80 295
251 153
312 332
5 22
293 493
313 4
79 260
417 455
109 28
118 479
492 406
494 1
234 27
34 253
108 199
446 219
48 41
288 56
107 454
303 14
230 490
43 137
106 30
354 486
357 294
52 479
183 273
76 11
214 242
422 9
487 158
494 14
201 425
51 246
63 144
431 174
333 79
217 118
110 290
228 299
464 153
54 96
430 92
364 93
337 127
129 367
372 33
482 250
435 142
362 403
204 163
131 322
191 367
266 105
338 56
471 358
28 420
433 139
211 83
195 50
461 470
182 71
457 219
262 264
447 285
227 451
37 389
431 3
126 147
387 305
391 339
150 201
320 339
383 178
398 328
292 83
188 462
456 6
75 413
78 360
12 252
32 59
348 376
337 277
220 338
35 287
198 321
18 450
203 170
124 317
404 240
298 421
411 233
114 265
443 287
302 140
31 296
126 260
156 281
161 258
262 400
113 49
349 427
192 234
444 495
275 141
123 363
326 85
198 165
353 269
91 236
67 366
341 361
199 407
272 416
331 306
89 20
272 57
152 438
468 485
125 344
148 375
484 450
467 170
113 485
396 202
186 47
293 86
405 445
305 57
443 38
432 371
452 111
146 273
426 380
61 329
331 235
332 469
128 123
0 47
326 438
63 37
418 90
247 296
207 18
156 102
475 303
440 2
26 193
160 384
82 258
180 460
214 446
375 279
148 365
280 82
377 175
396 385
323 281
463 381
127 2
325 45
343 115
54 55
251 168
472 436
186 119
24 104
378 19
65 402
268 169
291 164
371 69
480 317
208 319
374 213
404 369
90 30
422 377
110 395
125 330
482 289
335 171
162 144
440 409
228 412
335 278
429 183
263 96
432 151
72 358
441 78
315 172
108 99
40 8
23 194
470 137
346 59
461 483
489 154
294 239
477 442
466 35
68 384
419 135
237 447
238 72
417 380
314 188
11 176
270 309
66 324
472 256
387 366
185 179
346 464
73 240
249 50
378 388
122 351
456 434
49 97
34 263
391 249
88 241
439 469
44 66
220 246
150 20
301 19
146 133
107 64
62 256
424 222
100
1 20 176
1 461 235
2 161 2
2 480 3
2 93 3
1 19 416
2 229 3
2 327 3
2 252 47
2 314 23
1 343 320
2 78 2
2 430 47
1 9 218
2 205 23
1 473 0
2 429 3
1 461 304
2 422 23
2 95 2
1 416 145
2 53 23
2 107 47
1 177 68
2 311 23
1 163 131
2 394 2
1 50 110
2 305 23
2 395 47
1 40 455
2 465 3
1 279 124
2 348 47
2 151 23
1 135 241
2 317 2
2 428 2
2 498 19
1 279 357
1 235 238
2 263 19
2 387 47
1 93 103
1 38 294
1 279 296
2 289 23
1 202 224
1 274 37
1 131 7
1 370 20
2 109 2
1 199 148
1 154 151
2 448 23
1 96 59
2 409 19
2 485 23
2 374 23
2 233 19
1 253 262
1 30 269
1 31 39
2 182 47
2 387 23
2 299 19
2 51 2
1 314 335
2 220 19
2 414 2
1 176 70
2 297 23
2 188 3
1 90 333
1 95 96
1 242 307
2 162 3
1 350 386
2 302 23
2 350 47
1 272 490
2 290 47
1 367 311
1 52 193
1 1 110
2 160 47
2 479 47
1 365 375
1 9 196
1 135 89
1 126 396
1 437 231
2 248 2
1 294 240
1 404 354
2 318 3
1 187 219
2 62 19
1 111 57
2 52 19
