500
8 48 95 49 55 2 42 19 44 45 35 49 77 78 68 21 66 32 11 49 8 100 51 73 59 10 12 58 63 97 61 70 96 8 70 2 9 63 73 52 8 7 53 36 36 20 56 53 3 66 54 11 18 56 35 76 17 47 85 79 95 46 100 90 53 22 44 13 84 16 16 91 74 68 78 9 39 33 13 42 51 66 4 20 21 38 95 38 84 79 68 78 76 68 20 80 89 63 92 72 30 8 15 3 27 92 63 18 77 75 59 79 93 14 98 13 51 92 2 35 22 70 64 50 89 83 29 29 97 73 52 26 32 66 80 58 10 42 27 38 69 85 16 61 50 13 25 1 56 27 87 77 48 50 78 36 85 59 16 33 31 67 59 14 85 38 23 94 32 50 31 100 86 98 12 36 10 36 36 65 14 22 93 61 23 71 48 59 81 63 92 63 30 50 76 14 39 50 59 22 99 41 73 85 38 84 72 99 72 59 63 85 80 7 46 54 29 93 13 9 56 4 71 37 5 98 50 95 48 60 17 46 52 41 82 89 77 5 87 48 63 1 84 94 59 29 48 88 74 12 96 81 67 19 17 23 68 18 17 15 29 85 13 80 78 46 20 54 51 58 1 13 58 84 7 16 65 6 55 90 17 3 70 35 21 38 57 88 7 25 55 35 62 19 14 39 64 85 44 14 42 96 79 51 31 85 18 95 42 73 36 58 75 57 44 47 94 100 86 52 76 40 86 37 58 51 27 74 35 70 87 28 65 17 78 48 1 96 42 94 68 30 51 42 86 46 88 32 97 73 83 73 65 21 61 74 71 40 47 58 9 34 85 26 50 63 73 3 10 66 96 77 47 99 70 33 96 9 16 93 33 98 65 97 70 77 71 41 16 17 50 77 2 86 2 4 100 26 58 9 43 5 37 90 55 6 74 51 14 89 43 47 38 59 95 8 35 17 100 51 86 1 27 39 86 80 42 86 5 51 46 99 8 83 40 62 88 65 12 54 53 6 52 43 64 98 2 99 15 1 49 100 53 75 90 38 54 84 75 10 34 21 60 41 55 100 55 42 64 18 47 69 24 50 63 87 48 64 85 62 16 85 13 68 59 54 5 64 37 32 25 71 52 37 63 58 36 69 51 51
68 116
226 330
470 453
452 4
146 398
349 305
167 141
113 264
250 247
371 10
62 43
391 290
103 79
193 28
392 317
79 268
247 424
164 241
113 224
340 121
284 132
143 173
440 78
325 336
25 90
432 13
398 39
313 160
89 360
425 185
319 7
245 235
228 352
15 305
440 455
351 245
295 407
87 244
432 61
38 223
224 205
246 232
117 85
187 452
423 133
2 425
115 375
22 25
358 85
43 7
485 375
300 115
63 368
91 25
312 298
10 252
335 48
368 449
100 169
28 207
55 111
154 214
466 357
32 441
76 127
428 99
375 23
12 172
387 289
447 247
280 170
273 94
497 235
176 479
104 175
293 111
242 283
420 328
189 420
301 145
403 303
381 483
155 16
283 370
439 451
189 284
480 266
490 434
426 15
13 458
186 206
173 458
323 128
433 330
161 95
280 332
97 155
482 191
184 95
149 235
317 391
205 345
18 4
296 408
337 492
484 411
69 324
441 465
3 281
496 11
330 130
429 249
118 84
213 49
185 99
277 298
291 231
92 1
402 81
182 124
205 370
407 483
218 75
207 84
203 246
337 294
328 446
95 425
409 131
495 231
163 393
301 262
359 235
129 359
173 3
328 15
217 21
491 368
425 379
457 82
248 468
467 385
395 268
90 404
304 462
444 452
273 306
69 265
380 361
283 68
150 456
190 371
260 451
454 45
53 39
78 219
162 131
401 393
318 268
249 373
125 298
453 5
54 115
131 9
460 329
130 225
376 488
48 18
267 279
299 138
10 181
268 357
493 47
431 52
307 79
233 279
136 460
205 271
397 352
14 190
324 200
361 72
135 448
84 370
51 279
41 36
94 129
307 333
342 196
79 63
393 489
231 453
29 73
56 393
287 472
17 391
330 112
34 332
108 92
430 39
436 451
123 386
448 71
107 497
332 258
483 207
498 204
357 343
76 96
485 98
419 132
138 499
70 230
68 106
379 331
450 116
370 195
420 421
12 36
257 283
358 128
171 350
477 173
355 210
42 163
80 334
240 195
448 324
386 118
107 336
133 130
148 359
188 3
126 485
16 331
455 81
178 102
188 390
255 151
308 288
472 204
215 133
166 167
499 130
329 84
389 292
346 283
279 138
311 25
18 289
185 328
237 160
10 173
160 370
70 341
194 403
292 173
251 26
30 26
84 304
342 483
368 239
134 348
75 247
494 4
26 23
235 7
100 253
459 493
334 352
384 220
263 21
475 176
384 492
13 427
108 227
236 406
6 369
157 324
36 119
206 159
456 99
496 417
211 489
71 449
333 338
171 364
275 377
354 38
393 108
25 124
339 344
487 410
310 18
368 163
418 122
365 38
488 368
358 353
328 350
420 20
92 327
47 75
81 71
469 81
269 51
179 189
175 62
481 351
445 126
314 65
372 298
254 398
212 313
384 270
141 122
241 293
315 162
414 366
180 440
216 356
285 449
146 259
137 52
177 312
244 471
28 478
105 430
420 101
476 12
84 163
107 243
286 239
236 271
238 240
486 463
35 233
37 36
458 490
213 452
90 58
109 151
110 204
18 356
247 375
178 144
380 394
296 142
244 326
352 369
174 347
118 457
359 441
192 469
279 276
283 415
180 197
278 311
393 467
12 156
474 157
42 198
344 107
208 412
492 442
3 221
213 52
134 369
274 141
160 21
183 492
88 469
467 4
483 396
223 412
448 398
321 368
328 393
393 124
453 379
19 241
367 385
173 260
239 176
9 461
158 331
59 483
422 249
210 462
353 235
362 250
444 209
140 239
139 79
222 174
382 2
71 272
71 412
152 40
194 74
130 467
67 246
244 384
290 453
221 405
293 173
60 40
0 448
361 124
194 316
159 63
302 3
183 301
50 279
373 425
202 403
119 207
235 173
160 492
400 116
449 309
340 111
435 124
92 363
341 283
2 86
29 2
420 258
366 347
83 369
303 324
154 198
81 27
372 235
205 8
46 83
437 239
129 232
372 486
438 421
375 207
191 452
314 151
76 443
313 168
36 31
46 297
446 416
324 473
165 15
8 76
256 221
299 45
18 9
182 40
153 12
374 324
114 4
24 46
28 480
199 375
169 351
311 322
484 232
360 187
33 352
3 204
64 160
44 36
178 469
282 80
151 492
496 71
77 449
93 241
399 195
248 412
308 481
207 408
147 1
383 359
378 217
201 73
261 296
347 480
320 416
353 167
464 373
329 120
348 413
229 163
173 393
57 92
129 234
66 294
388 430
435 410
377 490
369 370
100
1 170 97
2 132 47
2 447 94
1 62 106
1 29 70
2 186 25
1 417 212
2 420 83
2 77 98
1 27 165
1 476 251
2 323 13
2 168 9
2 127 41
2 49 9
2 225 36
2 438 79
1 72 297
1 321 52
2 487 47
1 90 90
2 103 6
1 463 305
1 155 204
2 263 14
2 151 5
1 229 481
1 378 75
2 282 42
1 428 384
1 18 207
1 76 6
2 381 81
1 85 474
2 250 97
1 55 119
2 36 68
1 464 54
1 257 165
1 142 97
1 201 369
2 59 84
2 39 53
1 13 384
2 461 72
2 80 74
1 448 275
2 354 10
2 371 23
1 320 68
1 189 143
2 124 89
1 376 109
2 260 64
2 431 55
1 5 495
2 132 45
2 393 30
2 167 83
1 236 240
1 231 193
1 171 198
1 132 115
2 495 71
2 401 40
2 396 23
1 240 37
1 321 200
2 103 18
2 196 58
1 241 17
1 291 119
2 406 47
2 477 50
1 16 164
2 190 64
2 79 68
1 279 155
2 348 38
2 157 87
1 175 223
1 146 295
2 492 87
1 293 61
2 310 36
2 473 59
1 141 129
2 296 94
2 185 80
2 123 21
1 198 57
1 493 87
1 179 408
2 92 85
1 227 489
1 337 63
1 467 327
2 60 23
2 439 46
2 411 22
