500
180 10 25 48 2 6 135 8 6 90 30 8 135 75 30 60 8 300 21 105 75 15 45 75 12 90 30 18 15 12 15 5 180 180 30 120 6 54 20 10 6 18 24 24 135 16 2 18 27 90 90 24 270 12 120 30 21 240 12 16 30 27 45 90 300 6 90 27 135 15 60 300 150 2 30 20 40 42 12 15 45 240 15 21 30 3 35 30 20 2 90 12 15 3 18 60 75 25 30 120 90 150 16 30 60 6 18 25 60 15 90 21 12 9 210 210 10 30 42 18 180 75 6 10 50 14 105 14 48 14 180 8 9 270 35 5 6 8 240 24 25 90 50 4 30 45 25 8 10 48 6 90 240 105 30 15 270 120 20 240 30 27 48 270 210 9 210 3 6 90 15 5 18 24 6 90 12 240 54 15 15 30 8 36 15 180 150 27 30 42 36 270 135 120 6 30 135 54 36 45 120 30 27 4 8 6 20 150 300 15 45 2 25 60 180 210 6 90 50 120 150 60 30 60 40 15 180 4 180 15 75 18 45 12 15 14 105 15 30 24 21 18 30 36 27 6 2 45 16 21 180 45 15 10 36 5 36 21 14 12 30 27 36 27 90 25 35 10 9 3 24 45 60 21 5 45 60 24 25 48 4 105 15 5 36 35 20 42 15 18 40 42 2 90 15 15 54 18 20 30 24 4 16 10 180 6 35 90 6 75 135 240 45 20 36 135 18 90 90 105 120 10 30 6 150 42 75 35 14 12 42 12 25 25 45 90 135 18 20 14 120 75 54 240 35 300 90 6 6 60 12 45 25 2 18 60 15 16 300 300 30 18 6 54 6 180 120 60 60 210 30 42 120 24 15 10 150 50 12 6 15 135 21 105 120 4 150 6 36 15 21 45 75 36 6 18 36 40 30 30 18 8 8 30 25 9 90 5 30 35 25 15 180 21 30 12 20 25 45 50 30 6 240 54 150 300 60 48 45 14 20 12 45 42 20 300 3 2 12 45 120 60 6 16 10 27 18 240 60 30 8 8 45 24 15 48 3 75 135 15 300 42 15 20 18 210 24 6 20 210 30 18 12 180 120 2 16 60 36 16 300 21 18 90 18 9 21 3 210 14 9 180 54 45 6 18 15 12 27 6
34 482
127 186
310 156
125 149
22 42
5 80
486 303
335 494
494 401
348 398
405 328
357 452
31 437
415 423
480 439
84 89
26 456
436 50
384 474
163 202
238 2
224 48
222 406
475 200
150 274
237 313
322 339
438 319
75 379
490 184
192 71
211 61
306 468
12 340
213 210
328 78
70 185
282 35
160 467
254 448
20 310
374 270
72 101
194 296
429 458
23 18
8 146
222 197
290 168
367 415
230 62
206 390
149 17
371 341
349 401
165 345
390 135
173 140
249 378
404 43
452 114
330 313
176 373
87 298
350 268
101 443
418 80
74 493
28 262
425 121
336 451
212 193
232 220
4 471
64 144
82 257
331 51
410 364
412 135
123 118
231 6
154 118
389 430
78 42
70 468
9 257
289 83
123 47
18 280
398 250
252 82
56 111
304 387
52 72
350 59
84 182
241 157
260 113
90 278
450 398
186 56
465 264
100 41
75 0
302 395
85 276
342 44
48 123
289 442
338 466
117 345
135 313
244 73
278 219
466 224
113 393
391 78
27 123
353 244
164 139
328 71
417 208
29 215
480 129
126 196
355 139
171 483
119 274
379 274
162 6
383 402
123 262
434 371
401 472
388 97
234 123
397 217
269 359
177 428
305 30
308 115
391 93
139 280
460 152
116 294
89 220
370 46
267 278
174 317
254 91
11 398
66 469
339 89
120 193
319 239
414 338
415 363
464 224
159 50
38 73
433 73
174 115
161 157
180 323
201 288
220 70
140 202
378 456
256 46
400 248
235 32
16 178
462 92
462 465
69 125
80 296
386 71
488 248
147 436
226 424
478 102
40 280
220 123
473 390
19 296
20 278
400 210
224 440
405 226
268 190
277 200
290 190
135 147
247 75
397 383
187 250
3 37
276 89
95 195
199 129
261 181
318 224
264 458
152 433
390 263
361 274
175 344
270 352
200 128
278 25
36 250
315 186
243 486
15 431
291 399
320 179
262 173
152 108
310 420
37 50
203 101
314 418
270 287
296 399
31 481
422 372
115 100
228 157
106 136
133 51
402 96
170 45
21 209
35 209
187 337
409 20
153 406
419 130
191 425
19 34
334 123
214 120
380 302
314 158
6 250
251 155
430 133
2 295
113 377
172 389
219 279
74 220
61 257
329 343
275 270
421 100
365 364
265 262
63 71
483 400
422 443
436 486
137 173
131 153
11 360
39 378
310 326
122 120
477 393
134 483
428 363
324 18
495 192
321 444
20 347
63 299
418 187
7 284
151 297
123 58
485 456
362 390
442 78
358 350
416 11
307 310
207 436
60 119
65 386
381 16
204 69
397 401
260 435
476 165
68 475
47 392
57 238
470 153
44 186
445 305
14 176
368 136
66 442
139 378
98 246
127 104
496 194
255 372
29 334
24 458
84 235
176 115
401 8
17 366
302 105
425 357
441 351
455 372
278 393
370 250
184 133
29 245
107 106
61 91
487 42
286 365
438 126
328 451
328 100
253 61
262 328
451 453
227 258
484 410
293 415
51 101
405 371
163 431
200 385
394 176
117 497
167 355
337 112
264 106
141 328
402 98
79 147
173 222
277 2
449 389
77 353
382 169
169 79
467 306
187 301
30 331
196 491
481 475
300 267
148 205
159 432
433 425
465 229
188 176
173 35
489 373
189 56
115 198
236 357
143 157
67 221
462 88
436 100
225 436
250 17
375 272
224 376
407 220
426 217
301 285
110 338
120 486
186 82
452 76
352 451
284 364
321 304
251 303
441 190
492 93
272 28
233 393
398 499
115 165
280 486
28 316
258 62
138 184
411 390
452 173
343 149
396 209
298 84
333 378
408 292
97 176
357 94
479 184
124 352
297 474
195 362
43 106
220 216
142 309
170 13
103 115
269 13
259 311
321 109
344 255
463 302
430 332
220 72
458 173
126 54
55 477
486 12
369 165
78 1
10 332
190 80
361 135
498 80
368 242
451 53
427 1
109 222
125 271
33 199
403 287
126 35
327 297
461 97
49 404
359 147
471 422
312 468
187 328
132 135
281 34
101 130
81 339
16 405
120 9
223 313
17 181
363 240
478 452
369 309
294 18
454 486
474 361
144 117
345 129
145 174
115 219
391 248
205 359
273 255
240 339
271 179
35 67
325 478
383 115
62 398
173 200
283 300
99 338
166 389
47 218
462 459
180 211
356 97
80 288
208 106
457 194
346 167
364 216
157 190
328 413
185 266
86 394
105 250
383 447
446 70
259 67
157 183
354 265
292 200
100
1 387 145
2 423 150
1 109 302
2 232 6
1 40 222
2 480 120
1 92 57
2 56 54
1 480 10
2 404 150
1 328 485
1 289 139
2 61 20
2 486 6
1 318 326
2 312 3
1 220 280
1 52 143
1 272 151
1 257 32
1 397 90
1 31 271
2 346 5
2 463 60
1 198 414
2 209 30
1 204 177
1 355 29
1 240 434
1 182 370
1 454 96
1 490 95
2 223 135
2 423 6
1 353 171
2 102 8
2 144 18
1 384 418
1 419 288
2 313 12
1 40 215
1 264 343
2 410 21
2 354 24
2 346 18
1 343 440
1 227 358
1 498 499
2 382 60
1 423 439
1 39 282
1 45 69
2 412 10
1 179 335
2 305 8
2 456 210
2 196 180
2 23 15
2 400 18
1 321 161
1 24 310
2 51 5
2 256 36
2 471 30
1 338 446
2 256 10
2 278 8
2 252 12
2 323 45
1 255 284
1 405 38
1 360 146
1 183 114
1 373 60
1 166 55
1 482 480
2 285 20
2 94 30
2 24 15
1 62 53
1 60 421
2 314 210
2 233 240
1 167 353
1 327 188
1 112 261
1 48 439
1 307 326
1 173 202
2 464 8
1 67 224
2 494 9
1 340 356
1 166 375
1 103 202
2 376 60
1 55 189
2 47 240
1 492 374
1 68 403
