20

4 7
1 2
2 1
1 3
3 1
2 3
3 2
1 4
14
1 2 1
1 2 3
1 2 2
1 4 1
1 4 2
4 3 100
1 2 10
1 2 20
1 2 100
1 2 1000
1 2 1000000
1 2 999999999999999
1 2 1000000000000000
2 1 1000000000000000

4 4
1 2
2 3
3 4
4 1
11
1 2 1
1 2 2
1 3 2
1 4 3
1 1 4
1 1 400
1 1 1000000000000000
1 1 401
1 1 402
1 1 403
2 4 82

11 110
11 10
4 8
10 6
4 3
9 10
7 11
9 3
11 8
8 11
11 1
1 11
10 5
6 4
5 6
2 8
6 3
6 2
6 9
5 4
8 9
1 3
11 7
5 9
8 3
5 2
4 2
3 7
3 9
2 5
1 9
9 7
4 6
3 8
1 8
9 11
7 2
5 8
7 1
1 7
9 2
10 7
8 1
4 11
8 2
2 1
8 5
8 10
7 6
7 4
3 11
7 3
10 9
1 4
9 5
4 9
3 6
7 10
1 5
6 8
5 7
4 10
2 11
6 5
11 2
3 5
6 11
6 10
2 4
11 3
4 5
2 7
7 8
7 9
5 11
10 11
10 4
7 5
4 7
2 9
3 1
10 2
1 2
6 7
11 6
5 1
5 3
6 1
9 8
9 1
2 10
11 9
8 4
10 3
1 10
9 6
11 5
3 2
1 6
10 8
3 10
11 4
2 3
9 4
10 1
5 10
8 6
4 1
3 4
2 6
8 7
30
11 1 777522606319453
8 7 578260943525354
11 1 756778524187829
9 3 411129
6 10 483227040183578
6 5 75
3 9 510
9 3 813374479967724
2 11 811
8 8 406584561558940
9 11 410283025455663
7 11 480573004604027
4 2 173
10 8 489402306240945
10 10 123785644974770
11 3 466956
3 11 376566
8 1 933968047066833
2 9 750773367395417
10 7 978593324067482
6 11 962
10 11 247109573637006
10 8 673471
6 6 909511
6 2 772603685691576
8 6 983061
2 8 860766901099513
10 7 945624708645264
11 6 906959722850700
4 9 741992673162776

2 2
1 2
2 1
24
2 1 191075012399201
2 2 25248923524488
1 2 75722150633838
1 2 675083
1 2 157
2 2 812345
1 2 718
1 1 743481901771684
2 2 68435715088469
2 1 589
1 2 148416914979752
2 2 646271415672650
1 1 99287091735877
1 1 269244
1 1 30244336244335
2 1 916
1 1 162045884894273
1 2 235432510722166
2 2 639878702149194
1 2 150
1 2 158
2 2 886139872293933
2 2 48532677407391
2 1 912392126031987

11 99
7 6
2 1
11 9
4 3
5 1
7 10
1 5
2 11
1 9
5 2
3 5
10 5
9 3
8 10
1 10
8 3
3 7
9 10
9 11
6 10
11 10
1 2
3 8
5 9
9 6
6 7
1 6
11 7
3 6
7 11
3 10
8 2
8 6
2 10
2 4
7 9
4 10
4 1
10 8
4 8
1 4
2 5
3 4
4 9
2 3
6 3
10 7
6 5
1 7
3 2
9 4
11 5
7 2
5 8
11 6
6 9
6 11
11 4
4 6
10 2
9 2
8 9
1 11
10 3
8 11
4 5
2 8
9 7
5 7
6 1
10 4
10 6
8 1
6 2
9 8
5 4
2 7
10 9
8 7
9 1
5 10
11 1
11 3
2 6
5 11
11 2
1 8
10 1
5 3
9 5
4 2
5 6
8 4
4 7
6 8
1 3
7 3
4 11
10 11
29
1 8 421093
7 6 582519
3 3 926973
7 1 480465277327783
5 3 531
10 11 924624
8 5 485388619575691
5 6 929134411974714
3 5 136624
5 4 740817437069537
5 11 918984
4 7 812469310493097
2 2 712266695484644
7 1 505
7 5 966
7 2 772
6 8 836
3 4 661266088360836
7 3 612548767668266
7 8 217
9 5 314689
2 7 30229
9 3 172
10 3 248535362465243
9 4 487478439660919
7 6 245487598670710
5 7 421789
4 11 687307
1 1 837946

4 7
4 1
4 3
2 1
1 3
3 1
4 2
1 4
10
2 4 402549596153114
1 4 143517760043115
3 2 511459
1 1 709063
4 2 54
3 3 22120499871870
3 2 387928209826026
2 3 587
3 3 343098342298201
1 1 506545828846756

6 7
1 5
2 3
5 2
6 5
1 4
5 6
4 6
16
1 3 208331
5 1 421216303998734
1 4 768031158801169
2 6 923924702261739
2 1 356443
5 4 341447
5 6 959505
1 4 748832840127561
5 6 183286539955760
4 2 977530
3 5 84220054661301
3 3 295
5 2 550
4 2 274494
6 6 368388353278883
5 3 998645027073628

4 12
1 4
4 3
4 1
4 2
3 1
2 1
2 4
1 2
3 2
1 3
3 4
2 3
3
3 4 416553402883111
2 4 684
1 3 457425986959544

8 21
8 4
5 3
4 6
2 6
3 1
4 2
8 2
5 4
6 3
6 2
4 8
4 7
3 8
1 7
6 7
8 7
8 3
2 8
2 3
8 5
2 7
14
5 7 426314620202435
7 6 65
3 1 594856993662822
8 4 102286836865081
7 1 383975008533796
6 1 295038
3 7 761797642088284
6 1 480939
6 2 57144417081537
6 1 823133223861644
1 4 410502266526851
1 5 285
6 8 190316577070366
2 6 703609924871605

2 2
1 2
2 1
18
1 2 5251070795803
2 1 747908
2 1 675027765144851
2 2 933401501131443
1 2 552
2 1 631054424657839
2 2 711061105843631
2 2 730
2 1 63313
1 1 326115
2 2 649525531937492
2 1 426839
2 2 203952954181257
1 1 323725
2 1 362127
2 1 198696544818669
1 1 40868
2 2 280929693570659

10 70
8 1
3 10
10 1
9 1
6 7
1 3
3 5
9 4
6 5
8 9
6 4
2 5
4 9
9 7
9 8
8 7
1 4
5 1
8 10
7 8
5 3
6 10
8 4
10 5
7 6
1 9
2 6
3 7
2 4
9 10
7 9
9 3
9 6
4 7
8 3
7 10
1 6
3 9
3 1
5 4
5 10
1 2
1 10
6 9
9 2
2 3
2 8
7 3
7 5
10 4
5 7
6 2
10 7
3 4
4 10
2 1
1 8
4 2
1 7
4 6
2 9
3 8
6 1
7 2
3 2
10 9
8 2
2 7
10 8
5 2
6
3 7 803
4 8 457748654449138
9 1 354765
3 1 622431932503814
6 2 648591962295924
5 5 928513063227365

8 43
1 7
5 7
3 1
2 4
1 4
2 1
1 3
3 6
3 2
6 7
2 8
4 3
6 1
1 8
1 2
5 4
1 5
8 4
6 8
2 5
7 3
8 2
5 2
7 4
8 6
3 5
3 4
5 1
6 4
6 5
6 3
3 7
4 5
7 8
4 8
1 6
2 6
2 7
8 1
7 5
4 6
7 6
6 2
22
5 2 431208755175321
3 5 814158875288370
7 1 682
4 6 687624430973121
6 1 232626
7 3 958691116703508
6 2 138
3 6 420
8 7 724291955894320
2 4 123
7 6 669
7 4 429607621350909
4 5 326850865539849
4 6 77
8 1 547546410060688
7 7 151900527504023
7 7 621
5 1 616261661476515
8 6 64220588910233
7 6 223151340463410
6 7 510
7 6 211836

6 26
5 4
2 1
3 2
5 6
4 5
4 6
3 4
4 3
6 2
6 5
5 1
2 6
6 1
3 6
6 3
1 4
5 3
6 4
5 2
2 4
3 1
4 2
1 2
3 5
1 3
2 3
10
4 2 932425221273006
4 4 107316264324182
1 1 571315
2 6 200654942712056
6 2 804948430044206
3 5 788
4 5 728
4 3 567963577554419
2 3 379663183150468
3 5 493485471684693

8 49
5 4
8 3
1 2
7 1
4 8
3 4
2 3
1 6
3 1
1 8
4 1
2 1
6 3
3 5
3 6
4 5
1 5
7 8
7 4
3 8
5 1
6 5
6 1
8 1
8 5
5 6
3 7
2 6
2 5
4 7
4 3
8 4
7 5
6 8
7 2
6 2
1 4
6 7
2 4
5 3
4 2
1 7
6 4
5 2
7 3
8 7
3 2
1 3
2 8
28
8 2 820
5 2 515583955269134
8 3 745
4 4 935
7 8 156636593071212
6 6 705411309645893
1 8 235
8 6 966920592759394
1 2 264710218461648
2 5 28
1 3 358
2 2 462064044242958
5 4 954590214689620
5 6 173943198628371
7 8 151
1 4 857646817325772
3 2 517786
4 6 373
7 1 885
6 7 927574
3 7 15314383566586
8 1 892
8 2 145068975965489
5 1 421
3 7 403
4 1 518651393506557
2 5 160535740764519
7 4 784

10 10
4 1
4 5
7 3
10 9
1 8
2 8
4 8
1 5
6 5
1 10
14
6 1 261043770360556
1 8 856061073111362
8 4 46551
10 3 128848474449576
3 1 446495144333261
3 3 335919602135862
5 3 74804
10 8 694664057541048
10 3 882457507916338
3 9 924062951827829
6 2 997377985017674
3 6 413474
3 8 593133560571007
1 3 19965262736767

3 3
1 3
3 1
2 1
19
3 1 500235634412660
3 2 748166
1 2 340913803186607
1 1 291155763872361
2 2 43062425043580
3 1 708034628057580
1 2 938270
1 2 110587297731965
3 3 80688
2 3 163
1 3 799
2 1 315
1 3 641454272032029
1 1 959685086001061
3 3 575974782284588
3 1 719874047931671
1 3 24741
1 3 22292876405780
3 2 155

4 4
1 3
1 4
1 2
3 4
24
2 4 55283538851780
3 1 398105091035890
4 2 629586245694737
2 2 911782929699781
1 1 839
1 1 301970
4 3 530545850975097
3 2 897365730609081
1 1 351660040559901
1 4 730
2 3 777106
4 3 835167698382039
1 2 963
1 1 805533
3 1 673047
2 4 60063232700466
1 2 967050250989339
4 2 221
1 4 670
3 1 910270241623547
1 4 579381761457762
3 1 443784342733003
1 1 76945006018409
1 4 407

7 24
6 1
6 7
7 5
7 6
4 3
5 2
2 3
5 3
1 4
3 4
2 4
4 6
4 2
5 1
6 3
5 6
1 5
7 3
4 5
4 1
4 7
2 7
5 4
3 1
29
2 1 258233919893221
3 6 653636931059928
6 6 314001
4 4 215968541279556
5 3 881257
6 5 286110669740856
1 7 482
5 5 469
7 1 469883576342880
4 3 406226
6 3 765655
7 2 480120
6 3 482256030535432
1 4 458133791604530
1 3 875893
1 5 319445203238375
7 6 403672754597301
4 1 942
1 7 531409509773184
6 1 671913727057759
4 5 811448665423274
5 2 279958
5 2 900069195017579
2 6 743709
6 1 953965241710189
7 1 182275123249755
5 2 192
4 7 774
2 5 341951721210799

10 20
1 8
7 10
9 8
1 7
3 8
7 2
9 2
9 4
10 1
6 4
7 3
9 1
4 9
8 5
6 9
8 2
7 6
5 6
6 2
10 4
14
3 7 725383051179955
10 5 985822955558862
2 10 329
10 7 132
7 2 267537
8 5 275228935806725
3 4 981292570128594
4 2 354066
4 6 42408
8 1 406485
2 1 652863216727288
1 3 930604382500351
1 9 986941256806734
10 9 934034691192473

6 7
6 2
6 1
2 3
4 2
1 6
3 5
1 3
21
6 3 942211559517344
5 6 246071820354891
2 2 762
5 4 343943
6 2 484848
2 4 674020913075148
4 5 596
2 3 664353647238585
1 2 282
5 6 260055715991013
5 5 989
2 6 36783
5 2 283002622297535
6 4 401846787067816
5 1 76439
5 1 128
5 1 384377204176723
1 3 493684746499185
1 3 361841496588343
6 5 303705539668461
2 3 667918712089948
