1 1
10 1
10 2
10 3
10 4
10 5
10 6
10 7
10 8
10 9
10 10
99 10
101 28
102 35
103 46
104 57
105 68
106 79
107 88
108 93
109 100
1011 5
1012 7
1000 35
1000 46
1000 57
1000 68
1000 79
1000 88
1000 93
1000 100
1000 105
1000 209
1000 354
1000 463
1000 577
1000 686
1000 797
1000 889
1000 935
1000 999
2056 5
3562 7
3569 35
3478 46
4256 57
4211 68
4787 79
4231 88
4698 93
797 100
889 105
935 209
1059 354
2098 463
4634 577
5779 686
6548 3547
7965 6861
8459 7970
9998 8897
9999 9353
10000 5555
10000 9911
0 0
