53
82
96
27
72
53
34
96
3
44
53
56
93
56
36
53
63
1
57
58
73
48
18
4
15
28
47
43
76
28
45
69
29
84
42
50
47
73
67
19
74
32
20
28
46
45
43
35
43
3
47
2
100
75
46
82
28
26
88
5
81
78
11
23
34
42
52
62
15
70
23
61
71
53
19
22
68
95
85
35
81
98
1
1
84
31
15
93
60
95
31
41
87
16
2
19
26
94
26
31
2324
8271
3473
5601
9391
6728
5466
3155
9173
6017
3254
3386
5349
1913
9580
7387
6705
2379
9257
1460
4634
3206
7152
4685
9649
8936
1860
8449
4020
2477
9546
4267
5675
5263
4250
2476
5288
8563
2624
5330
517
8601
4571
7599
8690
8994
7633
299
1094
9826
6111
7387
7133
307
1970
6959
7352
4246
4052
8740
153
5440
3068
9656
2506
8289
2215
4019
3289
7821
7625
6890
9370
8959
6125
9713
9363
273
9712
7831
5038
462
1397
2747
9621
4160
2941
3090
1386
9108
6560
7579
3728
6626
4955
1508
6448
5445
6915
9443
9611054
12800
3120671
6300724
2706467
6230946
1943776
8813408
7144063
7700654
1726596
9706577
1408348
7584785
2474525
7181311
3017969
7010197
2616695
8293642
8079161
7628613
1036919
8158631
5010260
5418359
4125305
4814845
6795671
7983186
4200443
136060
2350377
2528799
2376529
5704621
5376727
1705745
9736032
3387144
2043893
3696752
7112676
4247949
7419887
1063351
2740421
4774550
5355487
2790586
547175
7421516
4011529
1303317
3387276
8860546
6351114
84167
4506657
3009921
5023372
1074276
6694044
1962296
2003829
3743806
1234094
4781159
9043522
9308701
7398477
2102404
5680991
9624589
5785694
7272080
6689255
3468445
861372
224727
115479
1759132
5574205
280889
9889955
7861196
1312394
7744779
1697997
1126624
7122007
4323531
7804920
5328470
8615466
4930920
1121980
5288107
1873381
6305218
427180567
967432958
124640347
645938657
571949910
514562388
723055159
712609900
528794090
808270053
27230389
941453023
534082116
651082825
126751132
192335073
727045793
965492600
597658396
137392533
620771225
551213506
479802719
648257402
611934439
191670715
988907571
290444532
734014216
985201022
575169732
29505998
658127833
898037919
360581509
668512095
59381648
168317037
378819087
297829328
783625430
499539486
977940355
458120104
702871008
236322759
347477140
160797744
450697330
896255832
333710194
442893151
412721174
92016322
69466356
258633867
736124214
810586800
543240422
39420750
964143905
465889504
646696209
155876532
836847778
89383487
460924549
549027378
784585714
758952128
635343995
527419220
386907753
37520104
376210929
748527109
696025829
120709277
924501563
189565255
565922623
989452226
500162806
15956275
327173425
981888671
342970715
574011722
686383821
23335333
103034487
633323797
835237201
566863282
429750062
478632482
385334097
973044771
371919489
616536442
683689081582
929089758894
846623237462
433843603988
80027843471
168808916489
947180900924
886782978189
991963963527
380504632698
414193163771
603235011316
980189137774
120035649951
715618642813
874473435745
455429721718
765079759488
792209220065
53033272203
193947812557
679561767305
243596028686
113732483916
726076854071
154454087419
405638724800
95969979989
624600414082
11033904902
885708596499
596890241929
309754714704
409081723075
106831486654
302079925460
403954074714
397839451149
417920439902
422468971209
20706278445
890335138217
852105313289
581764835882
528669960051
977018190688
881053037891
816831102221
68017159125
195681865264
382396308848
198622621437
516913752269
520023598908
880109229632
234827377820
332327390535
768997819580
461160524823
367781779100
75954422888
902928296495
551619736831
540912492764
29078941860
498016992976
443346025851
541447452102
815307804682
204049604649
417329211123
310921337443
306459678628
536067415705
139227082918
789758690276
329425196115
670019768035
639578617862
76823458069
155917989844
242520565843
476506170014
57603395476
807553000680
904568406889
735353811382
142751552102
444314218325
811561323859
971451369437
196087724531
565049814732
737328122972
789172881440
481782050809
788265422262
878425723797
386249711017
79478216964
69101809361566
65107715910871
5574908024925
70400220763845
15451669180677
55751840721389
68384400473695
6631404886323
95313081760926
28029402466429
22566193650545
71579607881711
81165935915065
26533844193256
76712240062198
74123883452099
91375580833072
97148808027321
33366081266572
76304836656578
74813364598293
43490602031646
92182663401290
59277134120794
58472897148851
21146185077552
21259268347121
75988736137275
57562827485425
46717789339486
29021426547007
87754783325240
44629410267134
44376142580510
13854663443655
32197439841474
28444591639033
32386040994952
89429174802474
8936005072379
34006602513517
54445007294870
30939494154971
28926372316587
17531640068563
57867075771486
48314487483750
19253731402206
5217814604249
65709762794639
48052673283330
75030713102881
28558847164477
17808289047671
63810662114404
79435066009830
68538308689014
94889723050475
35777621259828
10303071023364
15060050526272
75545823304520
53948618831856
55573625018001
61277148592416
52043477713096
78024271422914
3331274917954
87379774110955
68710757240401
82015566508126
39600174871783
42041164210407
52689989026363
29530980731508
56137803378494
79352017062332
53907917880271
61785859385670
39555493648631
48280153822274
85827411583759
54678934959555
70913581640659
43473762538614
42772152434018
15557348800486
51431958116518
9660881322855
46472400064681
37095924303824
87951267835965
26704927679094
82100591442954
94193565217414
64222438229889
74481492313005
81478314099974
25309519715473
98699194369775
0
