1000
1
994
2
992
4
991
7
983
8
977
223
433
457
353
484
668
457
17
977
450
932
866
226
322
896
4
279
136
599
656
964
36
529
73
302
964
676
17
553
279
175
823
766
679
136
207
306
632
241
288
126
128
121
328
482
34
337
823
188
937
425
103
1
16
146
248
937
809
274
433
113
434
257
863
94
369
92
433
8
302
776
137
409
881
446
959
932
782
722
79
721
167
151
657
144
324
964
92
100
194
558
239
622
809
68
743
196
124
194
207
400
964
328
878
847
772
841
722
562
568
775
238
721
968
958
904
242
866
968
382
32
526
607
668
288
641
425
476
801
607
676
224
514
7
119
316
782
932
28
350
441
824
626
184
799
526
62
25
343
36
361
391
527
18
49
824
674
439
311
484
81
32
711
575
41
862
958
784
729
1
153
193
766
769
356
568
254
434
553
644
434
968
73
968
956
137
800
626
617
81
94
673
126
775
206
127
575
167
958
322
124
68
496
927
801
911
439
82
289
994
766
729
967
818
712
926
937
449
497
497
568
569
142
727
353
382
841
992
529
734
256
632
772
802
504
577
722
7
639
14
953
359
752
866
191
409
784
82
927
241
617
496
802
799
188
175
194
9
121
721
752
401
367
476
233
932
92
956
889
712
968
841
94
673
711
252
113
439
367
9
673
983
511
482
727
697
713
968
713
802
632
409
233
46
953
503
1
8
398
833
722
322
673
796
34
328
31
112
824
356
127
503
338
623
994
97
271
644
31
23
457
679
448
743
697
398
206
700
414
648
526
113
23
164
952
23
529
992
142
311
350
239
809
686
863
809
823
144
457
809
127
992
497
562
736
207
14
943
898
383
599
376
526
576
526
423
617
97
359
799
382
712
23
206
398
896
49
178
16
478
25
151
476
482
697
175
686
656
127
527
73
712
967
576
289
497
4
967
574
367
718
9
50
751
225
476
584
239
711
617
769
679
752
199
191
448
359
927
136
457
452
178
191
382
743
466
943
752
441
452
92
175
478
161
914
700
622
504
991
329
151
706
56
889
958
206
343
316
146
452
776
584
625
9
18
382
484
919
100
943
383
161
73
866
288
964
567
968
476
487
306
607
158
328
497
71
577
850
356
718
257
153
313
952
169
350
272
644
223
350
527
644
548
577
450
898
553
16
878
64
512
142
641
656
448
164
764
71
2
137
809
263
322
94
217
476
466
466
146
736
881
658
337
433
257
857
281
802
881
167
846
343
281
484
47
784
641
833
828
644
7
639
968
329
772
142
801
199
648
1
937
529
607
279
968
868
98
256
622
958
401
457
306
686
14
316
478
658
162
316
324
124
959
242
433
673
423
248
873
103
194
802
622
857
63
599
657
175
857
288
92
272
818
425
959
776
799
439
391
953
752
718
79
656
9
479
338
439
784
167
576
968
964
217
772
36
801
439
175
657
729
287
932
553
713
892
281
449
281
727
400
25
388
450
706
401
2
28
850
729
207
376
713
184
577
482
184
391
929
337
41
657
674
937
226
338
772
496
857
82
188
271
71
623
776
799
23
722
782
889
457
991
223
142
126
857
658
334
256
542
722
257
224
356
206
433
751
18
994
604
64
128
873
146
796
593
929
775
329
719
607
796
712
881
974
873
734
578
223
992
151
937
254
350
241
446
846
31
425
776
599
511
956
466
712
697
98
632
466
400
306
63
207
50
964
142
953
711
713
124
632
847
28
892
206
281
343
72
274
828
882
929
289
775
400
2
466
478
577
953
952
956
23
113
17
4
274
919
647
983
16
248
839
47
153
23
350
478
100
673
257
961
604
604
676
9
607
175
439
206
81
334
164
119
478
142
72
752
73
700
676
97
1
512
103
153
558
482
622
631
128
937
542
719
544
239
674
124
391
144
359
503
511
508
648
1
631
761
700
676
400
386
809
400
904
896
544
463
388
184
79
562
127
647
233
647
887
964
809
284
68
136
847
607
625
448
553
274
167
257
8
617
639
772
63
553
668
574
16
46
800
100
568
911
729
857
568
622
764
328
961
862
496
751
409
98
217
16
350
423
233
361
72
868
100
97
425
752
711
448
764
448
526
337
367
272
151
992
953
958
263
857
809
823
607
238
896
878
200
252
248
423
604
288
289
743
414
719
446
97
191
224
576
766
604
7
25
736
952
991
700
223
784
449
18
398
676
929
226
943
191
514
311
782
873
599
527
241
328
983
367
562
207
7
274
802
14
256
558
904
252
206
137
23
718
164
434
398
62
648
287
207
144
584
32
1
206
521
242
576
