13637 78410
2189 20489
56673 60524
82668 90152
9058 77555
17935 34325
5846 20286
47780 83237
32752 83008
42876 77024
8849 59396
79936 88683
47278 54484
3683 59346
49582 66842
73617 86676
79928 94323
16374 55206
47470 81172
28992 89960
30963 50185
45098 89231
5003 67854
30962 83010
19475 19914
14196 87205
26714 58956
42822 68560
39098 46934
38199 96309
30018 88043
53043 59824
25068 31976
18049 33847
32293 63523
49137 73877
39721 80993
51964 68807
45688 55163
4932 14668
47611 53647
23086 83977
466321034850706454450048313658591108820952764897404020484861658512269647321215144742584720547387897 9608077300812757753653484193218371812119194611063955120684339549181740401635976870962739257298999738
1632603262753358051897847612292046500167035823004715800746264911087236926867194974690647893005876805 9710796193442028365393479720855559197176260138971582455903588280635230328511835740614764231796075051
3429330776711485261576214839840949457514815876300543467137769666397019293605770835879729230407306988 4251880675366374548839487505943334409600168614444743057034006203478197041720172188360333371178942931
836502917659788361089730621584848355728203796764820160991460046317320758050257990721921143313565532 5249203527281523048083581865922732167966091785950656098983232794179067970452409678971002089487037290
13252987487524523195525041494445249659302572320459048236551850337402874091162721357377892364768743085639038611580777287055903714821056335457717020519576589598361237697392038036218156476177546663322545171219232023992961626371999224460411194531573102375784053660097564068135757178534885924486049337028423013405087878641066077533233933738253379143613956941388702187569182067555108217536854368620143457446472620753790609458727133916166711797119071817452931306672041486266687363681177293768415953846298304 84368566782866033086316091705218022800586582720200449862129255661816149813537097395158934074397262198875003921548946282013010513159616770998602648069180534119404437015706316337462096232579427166986147197164685476590684733064760223338351719367655548362805863998301685975822128512242294360655528459843449537608687245758491693163518306736517793242816253081040665643166538961703900295930021903905664632716384575946778094071000197238849830975401994987940010650194346903182103544890989436836988143896556852
